1661247502 2666
1661247781 11772
1661248566 11772
1661248675 11550
1661248755 11495
1661248806 11885
1661258239 11948
1661258265 12112
1661258342 12301
1661263371 12402
1661263388 12556
1661328611 12573
1661328623 12939
1661342535 12963
1661342549 14207
1661355167 14285
1661355180 14400
1661414951 14417
1661414965 14423
1661436522 14512
1661436541 14562
1661436578 15045
1661520204 15061
1661520216 15246
1661523194 15246
1661523220 15423
1661523225 15433
1661525998 15438
1661527738 15454
1661760864 15466
1661760870 15503
1661763680 15507
1661764631 15539
1661765847 15568
1661768366 15583
1661775985 15641
1661776539 15640
1661776951 15642
1661778387 15642
1661778394 15663
1661778405 15663
1661778425 15663
1661778700 15670
1661783455 15684
1661783463 15828
1661785681 15842
1661866966 15869
1661867269 16291
1661868636 16305
1661868751 16382
1661868881 16382
1661869146 16383
1661869464 16386
1661869994 16371
1661873436 16371
1661929573 16370
1661932036 16408
1661933729 16411
1661933742 16688
1661941637 16716
1661941665 16713
1661949637 16717
1661949644 16642
1661950815 16648
1661951500 16649
1661954896 16681
1661954901 16757
1661955413 16765
1661958262 16776
1661958267 16965
1661958681 16971
1661958778 16972
1662019865 16990
1662019883 17011
1662025274 17047
1662025282 17129
1662031424 17168
1662031434 17179
1662035303 17190
1662035315 17190
1662035547 17197
1662037699 17222
1662037706 17231
1662043069 17241
1662044948 17249
1662045108 17249
